LBP1,LBP2,LBP3,LBP4,LBP5,LBP6,LBP7,LBP8,LBP9,LBP10,LBP11,LBP12,LBP13,LBP14,LBP15,LBP16,LBP17,LBP18,LabelName
0.0174310272284667,0.0320370259061129,0.00390695437879425,0.00739315982448759,0.00589048506341287,0.0589649576245717,0.0229007633587786,0.0464627036124301,0.0588447436436858,0.154114323495823,0.0253651499669412,0.0265672897758009,0.0139448217827733,0.068161327162349,0.0140650357636593,0.0112400072128389,0.334495401815231,0.0982148223838432,Ferramentas
0.0187914517317612,0.0557111274871039,0.00478997789240973,0.00810611643330877,0.0049373618275608,0.0540162122328666,0.0214443625644805,0.0550478997789241,0.0556374355195284,0.144141488577745,0.0277818717759764,0.0355195283714075,0.00980103168754606,0.0588061901252764,0.0198231392778187,0.0143699336772292,0.275755342667649,0.135519528371407,Musica
0.0205685618729097,0.044314381270903,0.00535117056856187,0.00719063545150502,0.00510033444816054,0.0568561872909699,0.0255852842809365,0.0706521739130435,0.0687290969899666,0.161872909698997,0.0244983277591973,0.0281772575250836,0.0116220735785953,0.0546822742474916,0.0159698996655518,0.0117892976588629,0.289799331103679,0.0972408026755853,Telefone
0.0367612404562164,0.0591007635026864,0.0101800358186446,0.0151757941370534,0.00754076727307003,0.0512772174568762,0.043924969365633,0.0759732302761806,0.0679611650485437,0.12593081346027,0.0424168159110189,0.0422282967291922,0.0214911867282496,0.0509001790932227,0.0252615703647846,0.020077292864549,0.166650956734848,0.137147704778961,Internet
0.0187482768127929,0.0421146953405018,0.00523848910945685,0.00827129859387924,0.00537634408602151,0.047215329473394,0.0225392886683209,0.0511441963054866,0.0736145574855252,0.13330576233802,0.0241935483870968,0.0294320374965536,0.0152329749103943,0.0585194375516956,0.018127929418252,0.0119933829611249,0.321546732837055,0.113385718224428,Mensagem
0.0216515265350727,0.0416638207772693,0.00553240898845707,0.00840106550099037,0.00532750495184755,0.0582610477426405,0.0257496072672632,0.0572365275595929,0.0695990711017007,0.140837374496278,0.0254081005395806,0.0271156341779933,0.0127723516153268,0.0614712109828564,0.0170753363841268,0.0136602691073014,0.301004029779387,0.107233112492316,Galeria
0.0301880828196618,0.0562667931088984,0.00608503240082187,0.0113798008534851,0.00900900900900901,0.0519203413940256,0.028844634107792,0.0627469574837996,0.0776829461039987,0.127548601232812,0.0358779832464043,0.045045045045045,0.0188873083609926,0.0561877667140825,0.0212581002054686,0.0146198830409357,0.215267899478426,0.131183815394342,Contactos
0.0350140056022409,0.0470588235294118,0.0111344537815126,0.0148459383753501,0.0109243697478992,0.0411064425770308,0.0302521008403361,0.0637955182072829,0.0670168067226891,0.108823529411765,0.0387955182072829,0.0427871148459384,0.0249299719887955,0.044187675070028,0.0226890756302521,0.0142156862745098,0.255112044817927,0.127310924369748,Galaxy_Store
0.018360433604336,0.0323848238482385,0.00528455284552846,0.00955284552845528,0.00718157181571816,0.0466124661246612,0.0239837398373984,0.05,0.056029810298103,0.135975609756098,0.0223577235772358,0.0232384823848239,0.0125338753387534,0.0511517615176152,0.0167344173441734,0.0165311653116531,0.37710027100271,0.0949864498644986,S_Planner
0.0239916029389714,0.0437846753636227,0.00712250712250712,0.0111710901184585,0.00712250712250712,0.0568301094616884,0.0371869845554056,0.0755735492577598,0.0826210826210826,0.145149197780777,0.0327635327635328,0.0261658419553156,0.0166441745389114,0.0583295846453741,0.0223421802369171,0.0193432298695457,0.214424951267056,0.119433198380567,Email
0.018628768964855,0.0361692593303886,0.00652967159592856,0.00761795019524998,0.00595352410217016,0.0543499135778759,0.0252224569489789,0.056398438000128,0.0684975353690545,0.137763267396454,0.0361052429421932,0.0318161449331029,0.0176685231419243,0.0588950771397478,0.0167082773189937,0.0158120478842584,0.294347352922348,0.111516548236349,Radio
0.0266403162055336,0.0462450592885376,0.00592885375494071,0.00845849802371542,0.00411067193675889,0.0598418972332016,0.0292490118577075,0.0650592885375494,0.0591304347826087,0.157470355731225,0.0305928853754941,0.0324901185770751,0.0127272727272727,0.0587351778656127,0.0181818181818182,0.0141501976284585,0.257707509881423,0.113280632411067,Definicoes
0.0256410256410256,0.0476547842401501,0.00931832395247029,0.0119449656035022,0.00794246404002502,0.0424640400250156,0.0267041901188243,0.0690431519699812,0.0772983114446529,0.123139462163852,0.0311444652908067,0.0292057535959975,0.0171357098186367,0.0444652908067542,0.0175109443402126,0.0203252032520325,0.286491557223265,0.112570356472795,S_Health
0.035344262295082,0.0535081967213115,0.0118688524590164,0.0142950819672131,0.0104262295081967,0.0481967213114754,0.0312131147540984,0.0650491803278689,0.0865573770491803,0.131409836065574,0.0416393442622951,0.0455737704918033,0.0249180327868853,0.052983606557377,0.024983606557377,0.0150819672131147,0.174426229508197,0.132524590163934,Video
0.0250572956455309,0.0469824293353705,0.00550038197097021,0.00893812070282659,0.006646294881589,0.0588235294117647,0.0300229182582124,0.0674560733384263,0.0666157372039725,0.147211611917494,0.026279602750191,0.0330786860198625,0.0116883116883117,0.0552330022918258,0.020855614973262,0.0157372039724981,0.266157372039725,0.107715813598166,Calculadora
0.0210223835450696,0.0487749546279492,0.00552026618269812,0.00915003024803388,0.00574712643678161,0.0548245614035088,0.0246521476104053,0.0629159104658197,0.0700241984271022,0.161902601330913,0.0276769509981851,0.0319116757410768,0.0107380520266183,0.0540683605565638,0.0166364186327889,0.0158802177858439,0.272081064730793,0.106473079249849,S_Voice
0.0409513192121888,0.0485321441843181,0.0105536975102192,0.0160535117056856,0.0111482720178372,0.0470457079152731,0.0385730211817168,0.0767001114827202,0.0673355629877369,0.123522853957637,0.0402824228911186,0.0434782608695652,0.020661464139725,0.0535117056856187,0.0223708658491267,0.0154589371980676,0.166778149386845,0.1570419918246,Chrome
0.0302957825081719,0.045045045045045,0.0109224268516304,0.0137925536155625,0.00781312285737065,0.0467990114007813,0.0367535677270191,0.0800446464163278,0.11065933189827,0.141034840149884,0.0334848122458742,0.0303755082516145,0.0204895160647373,0.046320656940126,0.0251136091844056,0.0219245794467033,0.174679103882644,0.124451885513832,Camara
0.0193577430972389,0.0347388955582233,0.00547719087635054,0.00705282112845138,0.00630252100840336,0.064000600240096,0.0261104441776711,0.0595738295318127,0.0635504201680672,0.163790516206483,0.0276860744297719,0.0298619447779112,0.016656662665066,0.0657262905162065,0.016656662665066,0.0115546218487395,0.291191476590636,0.0907112845138055,Relogio
0.0212913385826772,0.038992125984252,0.00579527559055118,0.00648818897637795,0.00491338582677165,0.0620472440944882,0.0268346456692913,0.0658897637795276,0.0795590551181102,0.155023622047244,0.0295433070866142,0.0296062992125984,0.0142362204724409,0.0643779527559055,0.0166929133858268,0.0134803149606299,0.274204724409449,0.0910236220472441,Gestor_Inteligente
0.0258808177468465,0.0414673046251994,0.00775699579527331,0.0100043497172684,0.00797448165869218,0.0570537915035523,0.0362476439031463,0.0746701464404814,0.0761200521966072,0.151660142090764,0.032695374800638,0.0268957517761346,0.0163839350442221,0.0606060606060606,0.0206611570247934,0.019573727707699,0.210091344062636,0.124256923299985,Email
0.0192917183409122,0.0313490423039824,0.00544302053190023,0.00813008130081301,0.00578751550227367,0.0490560837811768,0.0232189610031693,0.0502273666804465,0.055601488218272,0.133319553534518,0.0217720821276009,0.0210830921868541,0.0117817279867714,0.0519498415323136,0.0161223646134766,0.0152266776905057,0.390106104450875,0.0905332782141381,S_Planner
0.0378957467220978,0.0525263831148065,0.00807483210745123,0.0154301247201791,0.0093540134314039,0.053405820275024,0.0404541093700032,0.0764310841061721,0.0671570195075152,0.13351455068756,0.0394147745442917,0.0443716021746082,0.0199072593540134,0.0519667412855772,0.0216661336744483,0.0189478733610489,0.165574032619124,0.143907898944675,Internet
0.0343589048522635,0.0447953374898346,0.0108430468961778,0.0156546489563567,0.0105042016806723,0.0445920303605313,0.0341555977229602,0.0633640552995392,0.0657359718080781,0.108091623746273,0.0414746543778802,0.0417457305502846,0.0207373271889401,0.0452697207915424,0.0242613174301979,0.0145025752236378,0.251965302249932,0.127947953374898,Galaxy_Store
0.0297164461247637,0.0545179584120983,0.00824196597353497,0.0111153119092628,0.00877126654064272,0.0502835538752363,0.0290359168241966,0.0669943289224953,0.0747826086956522,0.130283553875236,0.0341776937618148,0.0418147448015123,0.0210207939508507,0.0558790170132325,0.0224574669187146,0.0176181474480151,0.208015122873346,0.135274102079395,Contactos
0.0214028395846578,0.0509288691106873,0.00416754962209508,0.00748746203291658,0.00473264109627746,0.0536130536130536,0.0232393868757505,0.0567210567210567,0.0565091474182383,0.149890513526877,0.0259942078123896,0.0393444938899484,0.0109486473122837,0.0637140637140637,0.0173059263968355,0.0110899201808293,0.273363000635728,0.129547220456311,Musica
0.0275903433798171,0.0497076023391813,0.00637276953066427,0.00772229719598141,0.00629779577147998,0.0578797420902684,0.0262408157144999,0.0656770130454341,0.0586294796821113,0.160743739691108,0.0292397660818713,0.0350877192982456,0.0132703553756185,0.0614784825311141,0.0212175738491528,0.0147698305593042,0.236842105263158,0.12123256860099,Definicoes
0.0203003337041157,0.0433815350389321,0.00479699666295884,0.00577030033370411,0.0046579532814238,0.0466490545050056,0.0200917686318131,0.0524193548387097,0.0755700778642937,0.128823692992214,0.0237068965517241,0.0292686318131257,0.0155728587319244,0.0569382647385984,0.0177280311457175,0.0106368186874305,0.331479421579533,0.112208008898776,Mensagem
0.0295461243737106,0.0439139404656646,0.0126731506041851,0.0140730916592986,0.00928381962864721,0.0476716769820218,0.0391983495431771,0.0788387857353375,0.103890362511052,0.142351900972591,0.0374300029472443,0.0344827586206896,0.0202623047450634,0.0450928381962865,0.0240200412614206,0.0200412614205718,0.168435013262599,0.128794577070439,Camara
0.0276170798898072,0.0491046831955923,0.00950413223140496,0.0136363636363636,0.00867768595041322,0.0387741046831956,0.0300964187327824,0.0714187327823691,0.0838842975206612,0.114393939393939,0.0294077134986226,0.0267906336088154,0.0172865013774105,0.0456611570247934,0.0231404958677686,0.0201790633608815,0.276446280991736,0.113980716253443,S_Health
0.021969696969697,0.0401515151515152,0.00550964187327824,0.00826446280991736,0.00730027548209366,0.0581955922865014,0.0263774104683196,0.0545454545454545,0.0632231404958678,0.141253443526171,0.0243801652892562,0.0290633608815427,0.0121900826446281,0.0597107438016529,0.0185950413223141,0.0148760330578512,0.306267217630854,0.108126721763085,Galeria
0.0223776223776224,0.0366550116550117,0.0074009324009324,0.0100815850815851,0.00536130536130536,0.0625291375291375,0.0282634032634033,0.0634032634032634,0.0782051282051282,0.159440559440559,0.0268648018648019,0.0284965034965035,0.013986013986014,0.0617715617715618,0.0182400932400932,0.0132867132867133,0.264160839160839,0.0994755244755245,Gestor_Inteligente
0.0196160851898557,0.0343982065293541,0.00497407874457055,0.00875718088832843,0.00672551492223623,0.0665545747512961,0.0281630937368642,0.0621409555835785,0.0647330811265237,0.165055345383214,0.028583438419504,0.0301947597029564,0.015412638363458,0.0700574471066274,0.0149922936808183,0.0131007426089393,0.271472607538181,0.0950679557236934,Relogio
0.0239661654135338,0.0455827067669173,0.00579573934837093,0.00736215538847118,0.00618734335839599,0.0621083959899749,0.0268640350877193,0.0651629072681704,0.0724467418546366,0.155388471177945,0.0287437343358396,0.0328164160401003,0.0114348370927318,0.0574091478696742,0.0203634085213033,0.012296365914787,0.260494987468672,0.105576441102757,Telefone
0.0361903492402026,0.0555185283924287,0.0100639829378832,0.0165955745134631,0.0120634497467342,0.0413223140495868,0.0313916288989603,0.0663156491602239,0.0867768595041322,0.126233004532125,0.0427885897094108,0.0479872034124234,0.0213942948547054,0.0505865102639296,0.0265929085577179,0.016395627832578,0.173420421221008,0.138363103172487,Video
0.0230365633710444,0.0465650106574848,0.00532874241678964,0.00852598786686342,0.0059026069847516,0.058616166584686,0.0312346286276439,0.0636169863912117,0.0716510903426791,0.157566814231841,0.0258239055582882,0.0311526479750779,0.0110673880964092,0.0533694048204624,0.0198393179209706,0.0172979176914248,0.262747991474012,0.106656828988359,Calculadora
0.0222819216182048,0.0474873577749684,0.00758533501896334,0.0072692793931732,0.00426675094816688,0.0530973451327434,0.0222819216182048,0.0656605562579014,0.072692793931732,0.162215549936789,0.0260745891276865,0.0334228824273072,0.0106668773704172,0.0530183312262958,0.0192793931731985,0.0134323640960809,0.274889380530973,0.104377370417193,S_Voice
0.0461175648528256,0.0483885055463359,0.0107432963577605,0.0145864267621626,0.0105686086121059,0.0489125687832999,0.0417503712114595,0.0793955804000349,0.0679535330596559,0.117826884444056,0.0400908376277404,0.0367717704603022,0.0179928378024282,0.0509214778583282,0.0209625294785571,0.0177308061839462,0.171980085596995,0.157306314962005,Chrome
0.017872765904262,0.0341832270966129,0.00543682039745032,0.00774903137107861,0.00731158605174353,0.0559930008748906,0.0253093363329584,0.0541807274090739,0.0638045244344457,0.143169603799525,0.0365579302587177,0.0333083364579427,0.0150606174228222,0.0591176102987127,0.0158730158730159,0.0147481564804399,0.294463192100987,0.115860517435321,Radio
0.0189940828402367,0.0303550295857988,0.0036094674556213,0.00804733727810651,0.0057396449704142,0.0563905325443787,0.0228402366863905,0.0489349112426036,0.0556804733727811,0.151065088757396,0.0258579881656805,0.0276331360946746,0.0136094674556213,0.0645562130177515,0.0161538461538462,0.0110059171597633,0.344615384615385,0.0949112426035503,Ferramentas
0.0218173639226271,0.048582995951417,0.00614784825311141,0.00659769080821712,0.00397360923676713,0.0552556605188184,0.0257159994002099,0.0623031938821412,0.068526015894437,0.163067926225821,0.0243664717348928,0.0336632178737442,0.00914679862048283,0.0551057130004498,0.0170190433348328,0.0128954865796971,0.274628879892038,0.111186084870295,S_Voice
0.0243534482758621,0.038433908045977,0.00675287356321839,0.0125,0.00876436781609195,0.0554597701149425,0.0334770114942529,0.0663074712643678,0.0745689655172414,0.143390804597701,0.0334770114942529,0.025933908045977,0.015948275862069,0.0561063218390805,0.0192528735632184,0.0189655172413793,0.246479885057471,0.119827586206897,Email
0.0385514018691589,0.0510903426791277,0.011214953271028,0.0148753894080997,0.0114485981308411,0.0488317757009346,0.036993769470405,0.0776479750778816,0.0699376947040498,0.124454828660436,0.0379283489096573,0.0419781931464174,0.0163551401869159,0.0521028037383178,0.0227414330218068,0.0141744548286604,0.171261682242991,0.158411214953271,Chrome
0.0207278059184218,0.0321914156225007,0.00606504932018128,0.00853105838443082,0.00699813383097841,0.047920554518795,0.0223273793655025,0.0495867768595041,0.0546520927752599,0.140629165555852,0.0229938683017862,0.0253932284724074,0.0124633431085044,0.0516528925619835,0.016395627832578,0.0144628099173554,0.36990135963743,0.0971074380165289,S_Planner
0.0235779546124374,0.0389773062186855,0.00641025641025641,0.00758915414087828,0.00434718538166814,0.0604921898025346,0.0237253168287651,0.0557029177718833,0.065281461833186,0.147656940760389,0.0223253757736516,0.0281461833185971,0.0108311229000884,0.0645446507515473,0.0148099027409372,0.0147362216327734,0.302092543471854,0.108753315649867,Galeria
0.0178358387019804,0.0302433786685755,0.00507038892865664,0.00888809353376283,0.00626342161775233,0.0584586017656884,0.022369362920544,0.049988069673109,0.0613815318539728,0.152648532569792,0.0297065139584825,0.0269028871391076,0.0136602242901456,0.0663326175137199,0.0148532569792412,0.0125268432355046,0.328919112383679,0.0939513242662849,Ferramentas
0.0218344155844156,0.0395292207792208,0.00592532467532468,0.00689935064935065,0.00430194805194805,0.062987012987013,0.0267045454545454,0.0663149350649351,0.0662337662337662,0.167938311688312,0.0291396103896104,0.0293019480519481,0.0123376623376623,0.0608766233766234,0.0167207792207792,0.0107954545454546,0.274594155844156,0.0975649350649351,Telefone
0.017866847826087,0.0423233695652174,0.00387228260869565,0.00862771739130435,0.00516304347826087,0.0490489130434783,0.0230978260869565,0.055570652173913,0.0665760869565217,0.125135869565217,0.0270380434782609,0.0297554347826087,0.0159646739130435,0.0538722826086956,0.0176630434782609,0.013383152173913,0.328532608695652,0.116508152173913,Mensagem
0.018430483434506,0.0352519564104439,0.00533898924888466,0.00870328384407226,0.00658231551232356,0.0667739340305712,0.0287427777371462,0.0560959555328019,0.0661157024793388,0.159657719593359,0.0281576830249397,0.0315219776201272,0.013603452058802,0.0647992393768741,0.0180647992393769,0.0124332626343889,0.284429166971404,0.09529730125064,Relogio
0.0373361048928686,0.0523664854493124,0.00983370642788615,0.0143907898944675,0.0101535017588743,0.0529261272785417,0.0406939558682443,0.0771506236008954,0.0634793732011513,0.130876239206908,0.0435721138471378,0.045810681164055,0.0223057243364247,0.053405820275024,0.0263831148065238,0.0167093060441318,0.162456028141989,0.140150303805565,Internet
0.0272238050015828,0.0462962962962963,0.00664767331433998,0.00791389680278569,0.00482747704969927,0.0631528964862298,0.0298353909465021,0.066951566951567,0.0595125039569484,0.15693257359924,0.0289648622981956,0.0341880341880342,0.0136119025007914,0.0605413105413105,0.0229503007280785,0.0145615701171257,0.248338081671415,0.107549857549858,Definicoes
0.0354166666666667,0.0524193548387097,0.0103494623655914,0.0145161290322581,0.0108198924731183,0.0491935483870968,0.0309139784946237,0.0709677419354839,0.0859543010752688,0.128897849462366,0.042741935483871,0.0492607526881721,0.0246639784946237,0.0510752688172043,0.0225806451612903,0.015994623655914,0.174126344086022,0.13010752688172,Video
0.0229396771452846,0.0483432455395072,0.00569243840271878,0.00739167374681393,0.00475785896346644,0.0579439252336449,0.0284621920135939,0.0641461342395922,0.0718776550552251,0.148768054375531,0.0248088360237893,0.0275276125743415,0.00917587085811385,0.0508071367884452,0.0220050977060323,0.0155480033984707,0.275021240441801,0.114783347493628,Calculadora
0.0180327868852459,0.0346229508196721,0.00550819672131148,0.00911475409836066,0.00668852459016393,0.0518688524590164,0.0291803278688525,0.0564590163934426,0.0699672131147541,0.144459016393443,0.0352131147540984,0.0311475409836066,0.0146885245901639,0.0588196721311475,0.015672131147541,0.016655737704918,0.292852459016394,0.109049180327869,Radio
0.0248034697750068,0.0451341827053402,0.0110463540254812,0.01036866359447,0.0106397397668745,0.0393738140417457,0.0308349146110057,0.0714963404716725,0.0823393873678504,0.115478449444294,0.0299539170506912,0.0288696123610735,0.0161290322580645,0.043168880455408,0.0195174844131201,0.0205340200596368,0.292152344808891,0.108159392789374,S_Health
0.0302623261694058,0.0402970922882427,0.0105088495575221,0.0128002528445006,0.010192793931732,0.0470922882427307,0.0388748419721871,0.0865202275600506,0.108407079646018,0.149810366624526,0.037531605562579,0.0293931731984829,0.019200379266751,0.0457490518331226,0.0242572692793932,0.0207806573957016,0.166245259165613,0.122076485461441,Camara
0.0352914898369444,0.0568088749906932,0.00848782666964485,0.0145186508822872,0.00923237286873651,0.0492145037599583,0.0275482093663912,0.0572556027101482,0.0740078921897104,0.12218003127094,0.0349936713573077,0.0431836795473159,0.0221874767329313,0.0569577842305115,0.0247189338098429,0.0161566525202889,0.20519693246966,0.142059414786687,Contactos
0.0195718654434251,0.0548165137614679,0.00458715596330275,0.00611620795107034,0.00596330275229358,0.0518348623853211,0.0204128440366972,0.0553516819571866,0.053822629969419,0.151376146788991,0.0256880733944954,0.0361620795107034,0.00932721712538226,0.0642201834862385,0.0165902140672783,0.013914373088685,0.277140672782875,0.133103975535168,Musica
0.0210323898804158,0.038939967550027,0.00703082747431044,0.00799230815455802,0.00594916170903191,0.0627366143861547,0.0293251607475512,0.0662820743945676,0.0775794723874767,0.156901628507902,0.0295054383750976,0.0313082146505619,0.0151433207138994,0.0676041103299081,0.0175470224145184,0.0126194339282495,0.257196081966228,0.0953067724295415,Gestor_Inteligente
0.033872444308819,0.0447818126335063,0.00968873970094599,0.0163259078425389,0.0113671040585902,0.040509612450412,0.0316600549282881,0.0734665852914251,0.0696521208422338,0.107949343912115,0.0382209337808972,0.0354745193774794,0.0191486115349405,0.0448581019224901,0.0240311260299054,0.0176991150442478,0.256942325297528,0.124351541043638,Galaxy_Store
0.0481341545468661,0.0527922985352725,0.0101961596190673,0.018166761554785,0.0153201180063144,0.0464779255732105,0.0352466228456084,0.074789089591636,0.0699756741369494,0.110553283991512,0.0435277677138864,0.0468919828166244,0.0286734641064127,0.0527405413798458,0.0303296930800683,0.0164587754257026,0.142849748977796,0.156875938098442,Galeria
0.0351687186502508,0.0466826265389877,0.0109439124487004,0.0168148654810761,0.0145348837209302,0.0465116279069767,0.0345417236662107,0.0890902872777018,0.132979936160511,0.135715914272686,0.0493046055631555,0.041609667122663,0.0246238030095759,0.0459416324669403,0.0235408116735066,0.0177838577291382,0.109553123575011,0.124658002735978,Email
0.0292824074074074,0.0492476851851852,0.00665509259259259,0.0125578703703704,0.009375,0.0575810185185185,0.030787037037037,0.0636574074074074,0.064525462962963,0.148784722222222,0.0391203703703704,0.0465856481481481,0.0210069444444444,0.0587384259259259,0.0202546296296296,0.0111689814814815,0.207928240740741,0.122743055555555,Telefone
0.0475889418932123,0.0550606356687166,0.0116098626357837,0.0194264038163113,0.0120121846083108,0.0450025863555377,0.0326455543422036,0.070118972354733,0.0791424794528421,0.107075119259728,0.0444278406804989,0.0504626702684062,0.0293120294269786,0.0514972124834761,0.0297718259670096,0.0181619633312259,0.134260589689063,0.162423127765964,Contactos
0.043733538191396,0.0551470588235294,0.0114135206321334,0.0183274802458297,0.0121817383669886,0.0473002633889377,0.0322102721685689,0.0674934152765584,0.0807177348551361,0.113147497805092,0.0412642669007902,0.0442822651448639,0.0263388937664618,0.0548178226514486,0.0296312554872695,0.0176141352063213,0.151229148375768,0.153149692712906,Mensagem
0.0422932330827068,0.0550125313283208,0.0135964912280702,0.0208646616541353,0.0170426065162907,0.0482456140350877,0.0425438596491228,0.0828947368421053,0.0893483709273183,0.106390977443609,0.0474310776942356,0.0484962406015038,0.0293233082706767,0.0433583959899749,0.0327694235588972,0.0206140350877193,0.113659147869674,0.146115288220551,Internet
0.0371764705882353,0.0455294117647059,0.0121764705882353,0.0218235294117647,0.0150588235294118,0.0464117647058823,0.0382941176470588,0.0935294117647059,0.129,0.131058823529412,0.0461764705882353,0.0422941176470588,0.0254705882352941,0.0431764705882353,0.0264117647058823,0.0205294117647059,0.105117647058823,0.120764705882353,Camara
0.0289591165413534,0.0481672932330827,0.00693139097744361,0.0117481203007519,0.00804746240601504,0.0592692669172932,0.0250822368421053,0.0592105263157895,0.0664356203007519,0.143150845864662,0.0321898496240602,0.0460526315789474,0.0172109962406015,0.0622062969924812,0.0227326127819549,0.0128054511278196,0.228500939849624,0.121299342105263,Musica
0.0367788461538462,0.0498197115384615,0.00811298076923077,0.0151442307692308,0.0122596153846154,0.0480168269230769,0.0365384615384615,0.0859375,0.0869591346153846,0.126923076923077,0.0423076923076923,0.0450120192307692,0.0219951923076923,0.0515024038461538,0.0259014423076923,0.0138822115384615,0.157512019230769,0.135396634615385,Chrome
0.0273256155609097,0.0456602221308104,0.00628782981724158,0.0126931891637774,0.00810953752130223,0.0535347005935241,0.028971028971029,0.0688135394017747,0.0836810248574954,0.142622083798554,0.0320267967326791,0.0400775694893342,0.0157489569254275,0.0541223482399953,0.0212728448022566,0.0121055415173062,0.234295116648058,0.112652053828524,S_Voice
0.030159979019145,0.0445843168109101,0.00662208234985576,0.012850773669027,0.00845790715971676,0.054550222921584,0.0268161552583268,0.0621557828481511,0.0788093364804616,0.143587726199843,0.0290453710988723,0.0366509310254393,0.0140309467610805,0.0550747442958301,0.020718594282717,0.01573564122738,0.240558615263572,0.119590873328088,Calculadora
0.0476717845456834,0.0396677573621948,0.0204379562043796,0.0273345079285175,0.0246161590737478,0.0525044047319406,0.0536622199848981,0.0836647369745784,0.09066196828593,0.102894538132394,0.0567329473949157,0.048426881449786,0.034684117795117,0.0430908633274604,0.0272841681349106,0.0203876164107727,0.0849735716083564,0.141303800654417,Video
0.0341857900540881,0.0528278107441054,0.00924224124350155,0.0139683873339285,0.0103975213989392,0.0495720212151447,0.030667436853437,0.0724675733865462,0.0938402562621436,0.134117523499449,0.036181273958935,0.0370214777083443,0.0187995588930316,0.0514624796513154,0.0223179120936827,0.0155962820984089,0.193456913301476,0.123877540303524,S_Health
0.036399217221135,0.051761252446184,0.0100293542074364,0.0184442270058708,0.0125244618395303,0.049559686888454,0.0345401174168298,0.0788649706457926,0.0886497064579256,0.117416829745597,0.0412426614481409,0.0453033268101761,0.0233365949119374,0.0522504892367906,0.0258317025440313,0.0155577299412916,0.156262230919765,0.142025440313112,Gestor_Inteligente
0.038117394416607,0.0487950369840134,0.0102004294917681,0.0178954903364352,0.0143163922691482,0.0498091147697447,0.0377594846098783,0.0708661417322835,0.074027678358387,0.118408494392746,0.0434860415175376,0.0460510617990933,0.0265449773323789,0.0543426389883083,0.0246957766642806,0.0159269863994273,0.16994750656168,0.138809353376283,Galaxy_Store
0.0316867538052396,0.0457194590618457,0.00826118938493747,0.0146551236349233,0.0106376959203304,0.0536977310020936,0.0325920896282465,0.0700503593051548,0.0931930062807673,0.14117580490013,0.0370056017654049,0.0446443727720251,0.0225202285972953,0.0557913200927969,0.0231426469756125,0.0128444519889096,0.176936569908901,0.125445594975386,S_Planner
0.0314836678473042,0.0539813721631903,0.0105601469237833,0.0177751541387905,0.0114128295946478,0.055293191656828,0.0348943985307622,0.0766758494031221,0.0796274432638069,0.128623901351174,0.0415846779483143,0.0518824609733701,0.021448248720976,0.0590974681883773,0.0274170274170274,0.0160697887970615,0.15597533779352,0.126197035287944,Definicoes
0.0347876225254661,0.0531744506374527,0.0110833493497341,0.0171695816516113,0.0141584983022615,0.0442052661925812,0.0309436863348068,0.0821321032737523,0.112371067973605,0.130053174450637,0.0468960215260427,0.0478570055737075,0.0292139150490102,0.0478570055737075,0.0250496508424627,0.0126849894291755,0.129860977641104,0.130501633672881,Relogio
0.0353281133482476,0.049123788217748,0.0098806860551827,0.0167785234899329,0.0133762117822521,0.0501025354213274,0.0328579418344519,0.0712621178225205,0.0892990305741984,0.126817673378076,0.046793437733035,0.053644668158091,0.0262397464578673,0.0607755406413125,0.0269388516032811,0.0123042505592841,0.141172632363908,0.137304250559284,Ferramentas
0.0252046638551228,0.0385512279831307,0.00893078640535847,0.0118084842470851,0.00977424956586455,0.0420739270652444,0.0284792855370876,0.0727362937236418,0.0992805755395683,0.136938724882163,0.0461920119077152,0.0388489208633093,0.0215827338129496,0.0421235425452741,0.0208881170925329,0.0130984867278591,0.241032001984619,0.102455966261474,Radio
0.0154561824729892,0.0342887154861945,0.00712785114045618,0.007953181272509,0.00592737094837935,0.0669267707082833,0.0264855942376951,0.0571728691476591,0.069327731092437,0.163190276110444,0.0269357743097239,0.0270108043217287,0.01515606242497,0.0631752701080432,0.0133553421368547,0.0114045618247299,0.304246698679472,0.084858943577431,Relogio
0.01984,0.034624,0.005056,0.009408,0.007232,0.046784,0.026368,0.047872,0.06176,0.138432,0.025664,0.024768,0.013888,0.050688,0.016192,0.012544,0.35936,0.09952,S_Planner
0.0193202146690519,0.0336314847942755,0.00453190220632081,0.00775193798449612,0.00548598688133572,0.0558735837805605,0.0208706022659511,0.0471675611210495,0.0544424567680382,0.153488372093023,0.0271317829457364,0.0268336314847943,0.0142516398330352,0.0682766845557543,0.0141323792486583,0.0121645796064401,0.337984496124031,0.0966607036374478,Ferramentas
0.0375836883749239,0.0465611685940353,0.00890139987827145,0.0139987827145466,0.00973828362751065,0.0482349360925137,0.0321819841752891,0.0734175289105295,0.0678636640292149,0.129412659768716,0.0393335362142422,0.040626902008521,0.0152921485088253,0.05211503347535,0.018791844187462,0.0142270237370663,0.210286062081558,0.141433353621424,Chrome
0.0306965761511216,0.0536796536796537,0.00787091696182605,0.0127508854781582,0.00889413616686344,0.0529712711530893,0.0303030303030303,0.0607634789452971,0.0810704447068083,0.130342384887839,0.0341597796143251,0.0409287682014955,0.0211727666273121,0.0564344746162928,0.0222746950019677,0.0152695789059425,0.205509641873278,0.134907516725699,Contactos
0.020935960591133,0.0386844392929586,0.0059403071573457,0.00709939148073022,0.00420168067226891,0.0553462764416111,0.0273833671399594,0.0560707041437265,0.0636771950159374,0.15408577223993,0.0233990147783251,0.0266589394378441,0.0106490872210953,0.0615039119095914,0.0182555780933063,0.0120254998551145,0.313822080556361,0.100260793972761,Galeria
0.0244116473873155,0.0500199441563622,0.00566414040686079,0.00765855604307938,0.00438771439968089,0.064060630235341,0.0282409254088552,0.0645392899880335,0.0571998404467491,0.157877941763063,0.0291982449142401,0.0322297566812924,0.0120462704427603,0.0591144794575189,0.0184284004786597,0.0157957718388512,0.256402074192262,0.112724371759075,Definicoes
0.019567391847962,0.0435733933483371,0.00456364091022756,0.0104401100275069,0.00506376594148537,0.0458239559889973,0.0232558139534884,0.0553263315828957,0.0689547386846712,0.129907476869217,0.0276319079769943,0.0328832208052013,0.0158789697424356,0.0529507376844211,0.0190047511877969,0.0108152038009502,0.321830457614404,0.112528132033008,Mensagem
0.0391109714914003,0.0530118589491871,0.00965993874185188,0.0122516296238121,0.0080892169952093,0.0530118589491871,0.0439802089059923,0.076022932537501,0.0639283750883531,0.13241184324197,0.0406031571507108,0.0471216523992775,0.0196340218330323,0.0551323333071546,0.0231681457629781,0.0181418361737218,0.164611639048143,0.140108379800518,Internet
0.0293652431057011,0.0471081768791693,0.00900900900900901,0.0141668385943195,0.0104532012928959,0.0519221511587924,0.0369300598308232,0.0802558283474314,0.0949040643697132,0.145794649611444,0.0384430231758476,0.0394745890929097,0.0198060656075923,0.0480709717350939,0.0240011003369782,0.0184306443848429,0.168282786603397,0.12358159686404,Camara
0.0232804232804233,0.0513888888888889,0.00462962962962963,0.00925925925925926,0.00588624338624339,0.0576719576719577,0.0252645502645503,0.0541666666666667,0.0603835978835979,0.144179894179894,0.0282407407407407,0.0435846560846561,0.0140873015873016,0.0585978835978836,0.0195767195767196,0.0130952380952381,0.257671957671958,0.129034391534392,Musica
0.0272938443670151,0.0465221318879855,0.00916247257710672,0.0133565621370499,0.00864627693895987,0.0409085043231385,0.0297457736482127,0.0689766421473739,0.0829784488321074,0.118015227771325,0.029616724738676,0.0308426893792748,0.0166473093302362,0.044263775971093,0.0203897277068009,0.0211640211640212,0.270744612208027,0.120725254871596,S_Health
0.0159316239316239,0.036034188034188,0.00622222222222222,0.00984615384615385,0.00656410256410256,0.0537435897435897,0.0267350427350427,0.0552478632478633,0.0622222222222222,0.145435897435897,0.0371282051282051,0.0304273504273504,0.0151111111111111,0.059008547008547,0.0167521367521367,0.0168888888888889,0.298803418803419,0.107897435897436,Radio
0.025487012987013,0.0372564935064935,0.00706168831168831,0.00892857142857143,0.00560064935064935,0.0547077922077922,0.037012987012987,0.0718344155844156,0.0771915584415584,0.151948051948052,0.0286525974025974,0.0225649350649351,0.0143668831168831,0.061525974025974,0.0184253246753247,0.020211038961039,0.237905844155844,0.119318181818182,Email
0.0215311004784689,0.0417065390749601,0.00558213716108453,0.00733652312599681,0.00518341307814992,0.0628389154704944,0.0255980861244019,0.0645933014354067,0.066347687400319,0.168580542264753,0.0277511961722488,0.0293460925039872,0.0115629984051037,0.0619617224880383,0.0161881977671451,0.0127591706539075,0.271929824561404,0.0992025518341308,Telefone
0.0362,0.0533333333333333,0.00986666666666667,0.0138666666666667,0.0104,0.0477333333333333,0.0298666666666667,0.0675333333333333,0.0858666666666667,0.127466666666667,0.043,0.0436,0.0244,0.0492,0.0262,0.0152,0.180866666666667,0.1354,Video
0.0236240053050398,0.0485742705570292,0.00522214854111406,0.00770888594164456,0.00605106100795756,0.0566147214854111,0.0288461538461539,0.0623342175066313,0.0726127320954907,0.153597480106101,0.0241213527851459,0.029840848806366,0.00862068965517241,0.0536306366047745,0.0164124668435013,0.0168269230769231,0.268650530503979,0.116710875331565,Calculadora
0.0200655200655201,0.0497952497952498,0.00556920556920557,0.00655200655200655,0.00425880425880426,0.0520884520884521,0.0237510237510237,0.0599508599508599,0.0774774774774775,0.17027027027027,0.0235872235872236,0.0284193284193284,0.00843570843570844,0.0557739557739558,0.014987714987715,0.0149058149058149,0.278951678951679,0.105159705159705,S_Voice
0.0193923723335488,0.0356819650937298,0.00749838396897221,0.00775694893341952,0.00504201680672269,0.0665804783451842,0.0268261150614092,0.0661926308985133,0.0783451842275372,0.159987071751778,0.0261150614091791,0.0302521008403361,0.0154492566257272,0.0664511958629606,0.0162249515190692,0.0129282482223659,0.265481577246283,0.0937944408532644,Gestor_Inteligente
0.0322387164492428,0.0449842555105713,0.00989653621232569,0.0122956965062228,0.0107962213225371,0.0455090718248613,0.0311890838206628,0.0673264357474884,0.0692007797270955,0.111485979907033,0.0395861448493027,0.0377118008696956,0.0211426000899685,0.0436347278452542,0.0218923376818114,0.0166441745389114,0.258959364222522,0.125506072874494,Galaxy_Store
0.0444875776397516,0.0489130434782609,0.0105590062111801,0.0147515527950311,0.0123447204968944,0.0492236024844721,0.040916149068323,0.0747670807453416,0.0691770186335404,0.119565217391304,0.0381987577639751,0.0422360248447205,0.019332298136646,0.052639751552795,0.0211180124223602,0.0144409937888199,0.164751552795031,0.162577639751553,Chrome
0.0192002118644068,0.0346265889830508,0.00668697033898305,0.00854078389830508,0.00728283898305085,0.0525688559322034,0.0256885593220339,0.0497219279661017,0.0589909957627119,0.134666313559322,0.0241657838983051,0.0260858050847458,0.0124470338983051,0.0558130296610169,0.0154925847457627,0.0158236228813559,0.352688029661017,0.099510063559322,S_Planner
0.0167950693374422,0.0330508474576271,0.00624036979969183,0.00724191063174114,0.0063944530046225,0.0653312788906009,0.0280431432973806,0.0607858243451464,0.0662557781201849,0.160169491525424,0.0276579352850539,0.0281201848998459,0.0144067796610169,0.0659476117103236,0.0176425269645609,0.0106317411402157,0.292218798151001,0.0930662557781202,Relogio
0.0177354944796805,0.0342377260981912,0.00440451021846371,0.00822175240779892,0.00528541226215645,0.0569062720225511,0.0232558139534884,0.049154334038055,0.05461592670895,0.147345548508339,0.0283063190039934,0.0281888653981677,0.015210241954428,0.0668311017148226,0.013272257458304,0.0111580925534414,0.340145642471224,0.0957246887479446,Ferramentas
0.0277040966696139,0.0450191570881226,0.00979958738579428,0.0148835838491011,0.0111258473327439,0.0500294724432655,0.0375036840554082,0.07964927792514,0.102048334806956,0.149425287356322,0.034851164161509,0.0325670498084291,0.0193044503389331,0.048113763631005,0.0250515767757147,0.0201886236368995,0.165708812260536,0.127026230474506,Camara
0.0197167230001609,0.0504587155963303,0.00619668437147916,0.0067600193143409,0.00410429744084983,0.0512634798004185,0.024625784645099,0.0616449380331563,0.0746821181393852,0.169724770642202,0.0243843553838725,0.030902945436987,0.00820859488169966,0.0542411073555448,0.0153709962980847,0.013439562208273,0.27965556092065,0.104619346531466,S_Voice
0.0242424242424242,0.0493265993265993,0.00555555555555556,0.00715488215488216,0.00631313131313131,0.0567340067340067,0.0287878787878788,0.0598484848484849,0.0727272727272727,0.154292929292929,0.0259259259259259,0.0320707070707071,0.00816498316498316,0.0564814814814815,0.0189393939393939,0.0163299663299663,0.268939393939394,0.108164983164983,Calculadora
0.036694214876033,0.0533553719008264,0.00978512396694215,0.0150743801652893,0.00945454545454546,0.0466115702479339,0.0300165289256198,0.0665785123966942,0.0848264462809917,0.13196694214876,0.0414545454545455,0.0489917355371901,0.0247933884297521,0.0513719008264463,0.0255867768595041,0.0145454545454546,0.180429752066116,0.128462809917355,Video
0.0192424242424242,0.0539393939393939,0.00537878787878788,0.00916666666666667,0.00606060606060606,0.0490909090909091,0.0262878787878788,0.0550757575757576,0.0631060606060606,0.1425,0.0275757575757576,0.0423484848484849,0.0114393939393939,0.0592424242424242,0.0206060606060606,0.0138636363636364,0.263560606060606,0.131515151515152,Musica
0.03875,0.0504464285714286,0.0115178571428571,0.0169642857142857,0.00857142857142857,0.0498214285714286,0.0441071428571429,0.0796428571428571,0.0701785714285714,0.122142857142857,0.0430357142857143,0.0382142857142857,0.0183035714285714,0.05,0.0261607142857143,0.0175892857142857,0.165089285714286,0.149464285714286,Internet
0.0180173764421023,0.0386697051702037,0.00526990457199829,0.00719270759151118,0.00491382993875516,0.0493519441674975,0.0192992451217775,0.0528414755732802,0.0717134311351659,0.129112662013958,0.0251388691069648,0.0282011109528557,0.015596068936049,0.0573280159521436,0.017305227175616,0.0111095285571856,0.329369035749893,0.119569861843042,Mensagem
0.0224358974358974,0.0444444444444445,0.00576923076923077,0.00797720797720798,0.00363247863247863,0.0544871794871795,0.0231481481481482,0.0517806267806268,0.066025641025641,0.146509971509971,0.0246438746438746,0.0278490028490028,0.010042735042735,0.0587606837606838,0.0176638176638177,0.016025641025641,0.307193732193732,0.111609686609687,Galeria
0.0354929161747344,0.0534976387249115,0.00819067296340024,0.0124704840613931,0.00929752066115703,0.0497343565525384,0.0311393152302243,0.065599173553719,0.0744539551357733,0.128689492325856,0.0344598583234947,0.0439049586776859,0.0219893742621015,0.0558589138134593,0.0243506493506493,0.0146103896103896,0.198863636363636,0.137396694214876,Contactos
0.0239449976292082,0.0417259364627786,0.00537379484747906,0.00687529634898056,0.00568990042674253,0.0627469574837996,0.0251303935514462,0.0646435909593804,0.0686739370949897,0.162715346925873,0.0277382645803698,0.0316895843211633,0.0124071439860914,0.0585585585585586,0.018650229176545,0.0122490911964596,0.270191243875454,0.10099573257468,Telefone
0.0268074171817487,0.0499340231960553,0.00777831793874575,0.0130564622543232,0.0086117091464685,0.0427807486631016,0.0294464893395375,0.0725744843391902,0.0841030627126884,0.121327869990972,0.0288214459337454,0.0271546635182999,0.0169456212236961,0.0455587193555108,0.0207653309257587,0.0222932148065838,0.271199388846448,0.110841030627127,S_Health
